x! ι
, 111 “
¹ 1111111111 611111 1111111111 1111; [111111 1111 1111 11111 ·

, ι 1111111111 111 1111111, 11 11111111 11111111 111 1111111 11
11111, 111111 111 111111111111111111111111111 11111111, 11 ,
111111 11 11111 1111111111 11111,Ι 111111 11111 111111 111111 11 ,
’ 111111111Θ111111 1111 11111111 111. 1111111 1111 11111, 1111 . ’1
· 11111111, 1111 111111 1111111111 (1111111111ᾶᾶ1, (11 ¹
. 11111111 11111, 111111 1111111111) 11111 11 11118111, 11111 '

1111111 11111 ¹ 1111111, 11111 111111 111111 1111111111 61111 ‚
11111111 11111. - 11111 11 111 1111111111, 1111111111 1111111

11111111 11111111 1111111111 1111, 1111 11111111111111111Ι v

¹ Ι ’111111511111111111111111111111111111111111(11131 , ,

13.)'. 01111 81111111 1111 111111 111 1111111111111111111’ ’
Α 1111 111111111111111111111111111111111, 1111 11111
x 1111.18111.,19,1.1 11111 111 1111 6111111311 1111111 111

¹ ¹. · 1111111,1111111111111111111111111111111111111αὸ11111111111ὶ ’ ,

. ν( 1111 1111111111 111 1111111111 111111111111111111111, 3¹
’ , 1111111111111111111111111111. 1111111111 111 11111111 ,
ζ 1111111111 1111111111111111111111 er 11111111
“ 1111111111 111 1111 (111. 11111. 16111). 1111111 111111 ⁴
' 1111111111 111111 1111 1111111 1111111, 1111 111111 11 111111

*ιι-ιι.-

’11111111 1111 1111111 11111 1111111111 111161111111111111111111,1111

11111111111111111111111111111111111111111111111111111111111 f

v Ι11111111811111111111191111111111 Θ11111111111111111111111111111111111111. “

’ 1111111111111111, &itae 11111111 111111 1111111 11111111, Ι1111 11111111 111
.‘ 1111111111, 1111 1111111111111, 11111111 11111111 11111111, 111111 1111111111 ¹ ¹
11111111.ω 11111111 1111111 1111111111, hurd> 11111111 11111111111111111111111111 .

1111111111111 1111111 111111 11111111111111111 ’11111 1111111111 1111111111

111111 111111· 11111111 11111 11111 1111111111111111111 111 1111161111 ’

111111 1111111111 1111111 11111111111111111111111111111111111111111111
11 genennt 1111111. 2

 

