212 ,
3) 111111 1131111111 1113111 11111) 1111111111111111ΙΙ
1 1111111 3131311333 111 1111111111, 11111111 3131111111 11111
1 1113111 111 111 31, 11113 111 1111311111 3
111111, 11111111111111111111 11111, 111 111111 111111 11 1111 ,
[¹ 13111311 11111 3111113111111111111 3111111111, 13114,
,’ „ ι17111111111111111111111111131113113 111111311111111311111111,ι
’ ’ς’ 11111111111131111111111111111111111..31111111113111111
’;’ 1111, 113 11 1111111 nod> 311111111111 111 11111111 1111111111, Ι
1 111111 11 11131111111311111 1111111111 11111111 (131. 3,
’ 15.) 11311113113111111111111111111111111111111111111 ,
'x 111111 111 11313111, 113 3111111111 1113111 1111111 31311113 311113 ‘
¹ 3111111 31313113111111 131111. 311), 13 1111311111 ÷
ἵ 3111 111111 1111113 311111 11111 111111 111111 1111113 31111 111,
1 3113111313311111 1113 1111111 111111113311111311131 11111.- -Γ
’ , ·31111111111111111111111111111111111111,1111111111111111111ι
,,, ἱ 111311 11111) 111 1111111111 11313111, 113 11131111111111,7
’»1111111111111111111113111 1111111111, 111 111 1111111111
- y 3111113113111111311111111,11111111111111131131111111 ,
“1111111111111111131111111311131111111111111111.111111
μ’ ’ 11111111 11111111 1111111111 11111 1111111111, 113 3111111111ῠῇ
’ 111 1111 11 1111131111111. 11111113 111111 ’
. , 11111111 1111 313111113113 111 111 3111111111 11111111 111111,
111111 111111 111) 111 1111111111 11111311111111111 111
’ ⁸ 131111, 4, 11,11111)113111,’1111111111 81113311111131-11

11111111111111111111113 111 3111111 111111 111 1111111 1 1111111111 3111111

' 3111111111 3111111 111111 1111111111, 1111111111 11111 11 1111 1111111111, 113

1 ’11111111111111113111111111111111111111 13111111131131111111111111111

“ 11111111,11111313111111111111111111. 1111111111311111111311111111
111111 1111131111 1111111111 1111 1111111111111111113111 11111111, ’

⁰ , θ1131111113111311111311131111,111111111111113111111111113111311
. ’1 1113111 ,

 

