1

’.δί’

¹ 111111 ιι 1111 111111111111111111111111111111111111 χ
, 111111· 111 1111111 111111 111111 1111111, 1111 1111111 111111 .

J 1111111111 (1111111111)ι ²).

ΙΙ91111111 1111111 ,1111 1111111 1111111111.11111111ι1.111 111

” 1111111111111111111111111111111191111111111111,11 ‘

1111 11 111111111111111 1111111111 1111, 11111 111111 .

’ ’ 111111, 111111111111111111111111111111111111111111
· ’111-11111111 11 1111111111, 111 1111111111 3111111111

, 11111111 111 111111111111111111111111 111111 111111 1111Ι
11111111 111 1111 1111111111111111111111 1111 Q& 111111

’ 11111111 1111111111111111111111111111 1111111111 ,
’ ,1111 111111 111111 11111111, 111 1111 1111111111 91111111
· 1111111 (11111. 6, 11. 11), 11111111 11111111111111111111

1111111111111111 1111111111 11111 111111111111111,

111 1111, 111 111111 111 11111111111111111111111111, 111 . l

11 ιὶιιιι 11111111 1111111 1111 111111 11111, 1111 1111111111
Υ1111111111111111111111.117111111111111. 1111,

’ . 1111 111 1111111111 11111111,111 111111 111111 111111 1111 ‘

1111111111111111111111 11111111, 11111111 11 1111111
11111 111111111111111111 1111111111 1111111111 11111,
, 111 11111 11111111111111111 1111, 11111 1ιι 111111 11

111 11111111 1111111111 111111. 11111 1111111111111111 · ..’ ’

. ⁶ · 111, 111 11 11111 11 111111 111111 1111 11

w

. ’ ll) Die 1111111111, 111 111111111111111111111111111111111

, ι, 1111111111111111111111111111111111 111111111111111111 ’
5111111111 1111 1111111111 1111 11111111 11111111 1111 11111111 111

· 111111111111111 111111 111 311111 1111111111 111 1111111 111 &Q

· 1111111111 111 111111111111 11 1113111 111 91111111 111 11111111Ι 111
1111 111 1111111811111111111 11111111 (1111 11 11111. 6, 11. 11,

· 1111. 1, 71 1111 11111111) 11111111 1111 1111 11111111.. ··

 

