85,

-. , 5999999959 599999959995 5999 9955 5599995 599999 9 599599.

- 888 999 5999995955 99959 995 5999 995 99999 595 888

599 9599999599 5999959595 595 99995995 ’9999599959 99 99999 ’ ·

9999999 99 999955 599 5995999995 99 9999· 99999 59999599 ’,

. · 995999 59999999 599 599595 95999999 5995 55999995 59959599Ι
N 5995 9955999 999 99959999 595999 595 95 99995 595 99995 599 .
¹ 559995 59999 5955595595 595 999 9999 99999 9995995 9599999 59

. 9995959 5999999 9999 99995 59595959999999999 ’
·, {38 59995999 595 59995 959995 5959 9599 599599 59999
9959999599 9999 5999995 995 599 59995995·1 9999 999999 599

«· ' 599995 599955 9995 99 3999599999 599 599995 99995 99 995995 ‘ ’

55999. 599 5959 ’9599 99959· 99 59999 99999995 5995 99 9999 ι
χ 9999. 88 999 599999 9959555999 9999999999 99999999

9999959559 9995 5999 9959999999 99995999 ’55999 559 4) 9

· ‚ 9995 9999999 (599 59.) 9)9599999959 ’999 5995595999 5599999
’ 999 599999 95 9999999 9599 999 599· 999 888 9999959999 ’

’ , 595 599· 9959999999 5999999, (888 5999 99599999999999999 . ‘ ”
› 559999 595999 5999599955959595 99999 99599999) 999 599995 ”, ’

. g 9995 5999995999 59999999 599 9999999 ’999 999999 995 99999

599995 99999 9999 55559595 599 5999599ιί559 999 99999999·
888 95559 55 959959 9999 99999995 59999999 95. 59959

- 9999955999 99999 8 5999999 595 55995 5995559995 88* , N
¹ 59599 59 95 9995999999 995 95 5999599955 599 888 59959995
·’ 5995959599 595 5999595 99 5995995995 (559 9999. 959 55) , -
9 99 999999 59959 9999595 9999595 95999. 5599595 59999 99995 ’
’ “. 999595 999 995999 5599999 595 5959999999 955995 5959999- ·³

, ‘88 5959559955 99999 5599555999 9999959959 595599 · ’

’ ’ 99599955 955 599 888 595 9595595 599 5999959999 9995ι
9 5999595999 99· 599599 99599599 9999 595999 95959999 59995999 ’ ,
599995· 59999995 59995 9595959999 559955999999 99 599 2

 

