190 .
¹ ’ 11, 1111111111 11111 11111111 1111111ὲῆ
, 1111111111.111111 111 1111111111111111131111111
- 111111 11111111 111111 111111) 11111, 1111111111 1111
,1111 1111 11111111 111 111111 111 11111 1111111, 11111111
· 1111111111 1111111111) 1111111 1111 1111111111 111 &aaa

1111111111111 1111111111 11111. 1111111111 1111111 11111
‘J 1 11111181111111111111111, 1111111111, 1111111111, 11111
¹ 1 90, 1., 1111111111 1111111 111 11111111 11 ς1111111111 111
= 1111111 11111 1111 111111111111111111, 111 1111111111
ἶ. ” 111111111111111111111111 1111111111 1111. .-
³ · 1111111111111111111111111111 1111111 11111111 ι,
=³ 11111 11111111111111111, ’11111 111111111111111111111
J 1111111111111 1111)111111111111111111111111111 ’
¹ ’ 1111, 11111 1111 111 11111111, 11 11 1111111111 11111111 ¹
. 111 111111 111 11111111 111 1111111, 11111 11111 1111111· ,

 

‘ 111111111111111111111111111. 20, 3115..).’ 1111111111
’ 3111111111 11 1111111111 11111 111111111111 111111111111111
8111 ,11111 1111 11119111 11111Ὡ11141 Ι9111111111111191111111111111 ¹
11111111 1111111111 1111111113 11 1111 11111111 11111,
“ 111111111111111, 111111 1111111111111111111111111 ,
’ 1111111111, 1111111 11)11111111111111111111,.11111111111 ,
ἶ Ι 1111111 1111111 1111 11111111 1111111, 111 111 11111111
, 111111111111111111111111111111111111111111111
¹· , 111111111111111 1111111 111111111111111111 ’
’ ,1111111 1111 11111111111111111111 1111111111 11“
1111111 11111 111111 1111111111111111111111 111111
,1111111111 11111111 1111111 1111111111 11111111 11111
11111 1111111111111111111111. - 1111 1111111111111111
111111 11 1111 1111111111, 1111 1111111 1111 111111111111111
11111 111111, 11 11111 1111111111111111111111111 11

 

