k 94. ’ “
9 9999) 9999 999999 999 9999999999 9999 99999 99999999, 999 ’

99999 9999) 999999 99999999 9999999 4,9) 9999 99 999999, - .
, ’ ’ 9999 999, 999 9999999999 999 9999 9999999999 999 999999 9999

’ ’ ‚ 9999999999 9999 9999. 149999 9999999999 9999999999 ,

999 99999 9999 999999 9999, 99999999 999 5555,-

, ’ ’ 999 999 999 9999 9999999999 99999999 (9999999999999 9999999999

9999 9999 9999999999 999 9999999999 99999999999999999999.

l 9999 99999 999999 99999 99999999999999999 ’99999989 ’,

2 50. 99), 999999 ,999999 9999, 99 55 99 9999999)

‘ ² 9999 99999999 9999, ’9999 999999 9999999999 99 999 99999999

5 9999999 999 999999 99999999 9999999999, ’999999 99 9997999· ,
¹ 9999999 999 999999 9999999999 999 99999999 9999999 991 .
⁸1 ¹· 9999999 999 9999999 999 999 9999999 999 9999999 9999999 '

99999 9999 99999, 99 9999 999 9999999 999999 99 9999999999 J .
«99 999999 9999999 3999, 999 99999999 999999 99999999999999 Γ

- . 99999 55 999. 999 99 &ine 999 99999 9999 99 “ .'
’ 9. 9999999, 99999 99 n5u55555 35iten 9999 9999 9999999999 999,
999 wer· 99 99999 999 99999 999999 99 9999 999999 999999 999 ’

99999999 99999 99999 99999999 999 99999 9999999 ,999999 999999 =

ᾗ 1 ’999 ·,9) emmim) 999999 ⁷) &mmmm 999 “nm'' ¹

999 9999999 9999999999, 999, 69999999, · ·

m

· , 439331.1125E1›;u·, 9119925 99991999 9999999999

. 99999 999 9999 999999999999 999 9999999 999 99999999 9999 99999 99 x
ζ ’999999 3999 99 99999 9999999999) (9999999999 9999999, 9999 ’9999999999

’ ” ’ 999 99999 (yar. uus), 999 99 99999999 999 9999999 §a 9999999999 999999

99999 99 999 9999 99999999 99999999 9999, 99 999999 &christ 99999 999

1 “, 99999αηί9999 99999999 999 999999 999999, 999 999 9 99999999 9999999999 .
’ , 999 (9999999999 999 999999 99999999 999 9999) 9999999999 99999.

 999.9)οΒ99999 91999919999899 ”
’ ,6)9999999099999Τ929999.

9999104 ³515

1 ·9)99999999999 mmm.

 

