” n 117⁴ss

¹ 9999 ’9999999999ιί9 999 99999 99999999· im 9999999 999Ι ’
. Ι,9999999999 99999999. 999 999999999999999 99999 99999999 ⁴
Ι 99 999999, 999 99 99999 Scit, 999 999 99999999 99 999999

.. 99999 99999999 99999999Ι 999, 9999999 9999999999999999 ·

‘ 9999 999 99 99999999 99 999999 999999 9999 j

9399999999 99999999 999 999 999 999999, 999 999 9999999999ῑῇΥ

, 999 9999999999 99999999999999999 9999999999 ,999

9999999 999999 9999999 (999 9, 999 99 9, -9 99 · ’
99.) 999 999 99999999 999 9399999999, 999999 99999999

x 9999 9999999999 99 999999 (9 9999. 396 ,9 9999999
1 999999 9999999999 999999 99999 9999 999 9999 3999. 999
, 99999 99999999 999 9999 9999 9999999999 99999999999999.

⁵ 9999999999 9999999999 99 999 9999999999 9999999999 999 ·,

99999999999999 9999999 999, 9999999999 99999 999 9999999· f

’ 99 9999999, 99999 9999 99999 9999 9999999999 9999999999- .
“ 999999 999 9999999 99 99 99999 9999 9999999, 9999999 'aa' ἱ

¹ ’ 99999 99 999, 999 9999999 99999 3999 9999999999 999 99999
, , 999999 99999999 9999999999 999999999999 99999999 9 99999ἱ

¹ - 99999 99 99999 99999999 9999 999 999999999999 999999 ,

, mma 9999999999, 999 999999 999 9999999999 99999

9 “ 99999999 9999999 999 ,999 99999999 9999 9999999999 999 99999

, 9999 99999 999 3999 99999 9999999999 99999 9999999 9999 unges
‘ 999 999 9999 (9, 99. 99). 999,.999999999999 s

’ 99999999 99 999999, 99 99 999999 9999999999 999 99 99 999

. . 9999999999999 9999999999 9999, 9999 999999 99999· ·

99999 999 9999 99 99999 99999 999999 9999 999999999999999 999 9999 =

· ,³ 9999 999999 9999999 9999. 99999 9999999999999999 99 999,
‘ 999 99999 999 9999 99999999 999 9999 9999999999 999 9999,

,⁸ 1²⁰1ss 99 mesu& 99999999 999999 9999999 999999, 999 9999
3 9999 99999999 9999999999 9999 999999 999999 9999999999. ι

 

