29
4444444444 44 444444 444 444 444444 4444 ⁴) 4444444444

4444 4444 4444 4444 444 3444, 44 444144 444 4444 44444444 , ·

, 444 444 44444444 44444 44 444 4444444444 44444 44444, 444
44444444 444444 44 444444 444444 444 4444444444 444 41444

ἶ 44 4· 4444, 44 44 4444444444 mit 444444 444
, 4444444444 44444444 444 44 444 44444444441444 444

44444444 44 4444414444 1444444 4444444 444, 444 4444144444

44444444 44 44444444, 44 444 4444444 44444 444 444 44 444 ', ’

4444444444 444444 444 4444444444 4444444444 4444444444
44 4444, 44444444 4444 4444444444 44 444444, 444 444 et

, 444 44444444 44444, 444· 44444 4144444 44444 444444 444

''kun—n

4) 44444 414444, 4444444 44444444 4444 44444 4444 44444 &ent

’ ¹ 44444 444 4444444444 4444 4444414444. 4144 44444444 &itae 444

4444444444 44 4444444444 4444441444 44, 444 4444444444 444444 44444
’ 44444 4444444, 444 4444 4444144 44444 444 44444444444444 4444444

’ 4444 4444 44144 444444, 44444 4444444444 444444 44, &100 4444 444 444

444444 44444444 44 4444444 4441444444. 4444444 4444 s 4 schon' 44 444444 .
4444444444 44444 444 44444 4444 44 4444444 44 4444 4444444444 (444.
Ι 18, 5.). (N. Test. gr. perp. annot. illustr. a Koppe. vol. 6. 44-Ι
ravit Tycham: edin 3. (4444τί444, 1823: 444. 44441444. in epistt. 444
Τ444441444. pag. 328, 44444 annot. 44 l Thou. 3, 2.) 44444* 44444

· 4444444 4444444444 444 444444 4444. 17, 14.Ι 14, 44 44444444 44444· ’
4444 444, 444 4444444444 4444 4444444 414 (444444 44 4444444 44444, 444
Ι . 444 44444 4444 44444 4444 4444 4444 4444 441444 44414444 44444444 444 44444 ’
2 4444444444 4444, 444 4444444444 44444 4444 4444 444444 4444 4444444

” 144444 4444444 44444 44444 444 4444444444 1 44 4444. 3, 14444444 ’
444 4444444444 4444444 444 444 44444444 444 4444 444444 444 4444 ,

4444444444 4444444444 44444 4444444444 44444 4444 4444 444444, , ’

444 4444444 (4, 18.) 44444444, 444 44 4444444444 444444444, 44444
44444444 444 44444444 44444444 4444, 444 44444444 444 4444444444 444
444 4444444444 44444, 44444 44444 444444 44 4444444οηί44 4 4444444
444444 4444 4444 44444 44 444444 3444444444 4444 444 44444444 444 44444414
444 444444144ίά4 444444, 414 444 444 4444444444 444 4444444, 4444444
444444 4444 444444 44444444 444444, 4444444444 4444 444444.

 

