· 40
, - ⁴ 1111111 1111111 111 11111111 111111 1111 1111111111111111111 111

‹ 11111111 11111111 11111111 11111 111111 1111 1111111111 1111111111

, 111111111111111111111111111111111111111 -1 1111111111

1111111111 111111 11111111 11111111 111111111111111111111111
11111 1111111111 1111 1111 1111111 11111111111111111111111111 11 33¹
111111 31111111 111 11111111111111111111111 11111 1111111 111

. 1111111111 11111111111111111111111111111111111 11111111
1111111111).11119111111111111111111111111111111111 ’ ’
111111111111111111111111111111111 1111 111 1111111111 9111111 Ι « ,

1111111111 111 1111111111 111171 111111 31111111 111
111111 111 111 1111111111 1111119111111111 11111111 1111111111

s · 11111111111111111111111111111111(111111.1110.)1)11111>11111
, ‘ 11111111111111111111 1111111111 1111111111 91111111·,11ῖ1111”11.111)1’

’ 1111111111 111111 1111 11111 1111111111 1111111111 1111111111111 .

. 111· 1111111 1111111 1111111 11 tonat· 1111111111 11 111 .

1111111111. 11111111111111111 111 1111111111 311111. ‘

11111 1111111111 11111 111 1111111111 1111 11111111 11111 11111111 κ,
, 111111 11111111 111 9111111111 11111 1111111111.

, 11 1111111111 111·11111111111111 111111111111111111111

11111111-11111111111 111 ,111 1111 11 11111111111111

’ 1111111 1111111111 111111 (1. 111111 111 1111111111 1111 ’
¹ 1111 11111111);11 111111111111111111111111 11111 111 1111111 ’

. 11111111 111 (1111191111 1111111 1111 11111111 1111111111) 1111 1111111
· 1111111 11111111 111111 1111111111 ,1111111111 1111111111 11111 -w . -

J › 1111 11111111 1111 11111111 1111111111 1111111νὲ1111- ,
’ 1111111 111 1111111111 11.)1)1111111111111111>1111111111

= Ι1111111191111111111 11111111111111111111111111111

’111111 1111111· 11111111 1111 1111111111 111 111111 1111111111 ᾗ ,1

1111111111111111111111111 ·

1 11
1 ,
1
1 r ,Α .
1

 

