’ 919

99999 91999 1999999 ’1191199991 91999999 19 9919991199
’ 9991999911 991199 99 999 1999 999 999911 99999919 99999199 9911 ¹
ἰ ’91919919119999999919991199919999 9999991999 911 91 ,

Ι, 99 91999999, 9999999 9119999, 99991999 99999 999 91999191

¹ 9119911 19991 99 1999199919 999 999 9911911999 99991 999

’999999 919 99111919 99999 91991 9991119911 999 1911111199 ’

Ἰ mit 199 919991999199991919119 919 99919919 91919991991119, 1

„ 9919919 999 1199199 99199911 1991199, 9119 999 91911199 ,9991911999
,Ἴ ’ 99 1991919199 999 9119 Ι99999 991999 1919191999 999 991
= ’ 1919199119 99 9199199199 999991991191991999991 999 99

, 91 111911 11199 111999 99 99199199. 9199991999 99999 999999 999,

y* 19119999 91919 93919199 999 99999199 999 919 91999999 919

9 (99199199 99 9911199911-9991199 19919 991 91999191

“ 911 999999. 999 9999 19991919 (999. 19. 99999 1191199991 ,

919 9999111999 991 9999 9999919199 9999919 9191919999

.· κ 99919999 9991991999 9919919199999 19111 (69 17918199 99
· - p 1999 1999 9199 ,99 1199 3911999199919 1991911119 919 1991 ‘

· *meine 99999 91919 991999 9111911999 9191191 919991 9999 9991

, ’ . J , 99) 9999991 91999919 19991999199919 1999991

99991919911999 ..9999 19 99191 es, 99 aaa, 91999·

J* 1911999999 1199 9191191991 1199 1991919 (91191991119111999991919)9111911 '
. 9999999991 (999999 191199998911.” 9119991991 911911 991 999911
’ 19199199999991111999 9199 19911999 3911 9199999 911 19119119 11999 991

9999999999 91911991 9191991999 99 1199999991 9999919999 991199 ”“
¹ 199999 gum 9391999919 1999 1191 1991119199119111199 99999. 999911
999919 111911 9119191999 99919 999 191991111991119 9119111119 9111911999 1119

. 9999911119αῇ 991 19999119 519999 1119991991 9999 99 99119911 19111919
1 ,91999999919199199 99 99 991 9199199999 999 Ε111ἷ9 s 19 99111991,
“.9199999991199999191999 11999 111199 991991 99999 919191 19119 9111

· ,¹ ’9919 999 19911 9199999999 99111119919119919991 991919 9999999 99 et
' 991991 99119191 111, 9911191199 9911999991 11199 991 9991 99999 Rubra ·
⁴ ÷ 99999199999191199 (9916. 999). 9 ¹ .

 

