. 162
Ἣ , 999999 99999 99999 9999999 9999999999 99999999 999999· λ

’999999999999999999 (999. 9 ,99999 99 1919239 999. 19 ’

x ‘ 10. 11. 99. 9499 3, 9·)· 99 9999 une 99999 9999999 ’,

¹{u 9999 9999999, 9999999999999)9 999 9999 9999 99999999 9999 ’

’ · - 9999 999 3999999999) 99999 999 9999999999 999999 99999

’ m Ι999999 999 9999999999 (9999999999 9999 999999 99999 999999, 999 ,

’ 99 9999 999 999 39999 999 99999999 999 99999999 99999 99

9999999999 999 9999 99 999999 99999999 999 99999 99 9999999 9
x , 9999999999 9999999999) 999 99999999 9999999 99 99999999

’9999999999 999999. ixa, 999 999 9999 993999 999 9999999999 999

999999 99999999 9999 ’99999 99999 9999999999 999 9999999999 ’
99999 9999 99999999 999999 39999Ι 9999999999, 9999 9999999) 999
99 9999 99999999 99999 99999999 999 99999999 999999 9999999 9

,’ 9999999. 9999999 999 999 9999, 999 9999 9999999 (9999999999 999 y
’ Χ99999 99999999,’99999999 999 9999999999 99999999 99 9999999.

y 99 99999 9 99 9999 9999 9999999 3999 999 999 9999999 999 99999
ι999 99 999999 999’ 99 9999 9 9999999 9999999999 9999999999 9999.
-um 99999999 999999 9999999 9999999999 99 999999 9999 9999

’ 99999999 99999999.-· 9999 9999 959999 999999 999 999999
99999999999999 99999999 99 9999999999 9999999999 9999999999 Ι
’ 999 9999999 99999999 99999 99 9999 9999999 99 999 99999999
· 99999999 99999999 ’9999999999 99 999999 99999 9999999999 &es

¹ s ,99999999 99999. 99 99999999 9999 er 99 9999 Ι
9999999 9999999 999 9999999 9999999999 9999999 99 999999 eine

99999 999 999 99 99 999 9999 99999 9999999999 ·9(99 .;) 9999999)

, 9999999 999 99999999 999999 999 99 999 99999, 9999 9999 999
999999 99999999999399999999 9999999999 999 99 9999999999 ’
9999999 999) 9999999 9999999 99999999) 9999 9999999999 9999

. 9999 99 99999999 9999999999) 999 99999 9999999 9999999999
. 9999 99999999 99999999 99 (99. w). 999999 9399999999..

 

