210
Μ 11111 11111111111111111111111111111111 1111111111,
’ 1111111111 1111111 111 111 111111111111111111111111111111

‘· 111111111111111111111111111111111 11 1111111111, 111 11

, 1111111111, 1111111611111111111111111 1111111111 91111111

¹ 1111111 11111 11 11111111 1111111 111 1111111111· 111111 111,

11111, 111 (11111111 11111 11111 1311111111 111 1111111111 ’

«’   11111111111111111111111111111111 11111113111111111111 ,

1111 111 111 111111 11111111 1111111, 1111111 11111111 1111111111
, ’ 1111111111, 111111 11111 111111111111111 11
1111111111 11 1111111 ι1111111 1111111111ῐρ1 1111111111 111 11
Ι 111 111111 111111 11111 11 1111111111. 1111111111, 1111111 (1111111111
11111111 111111 11111111 1111 11111111, 111 111 1111111111 111

  ,1111111111 1111111111111 -1111111111111111111111
· r ,’ 111 1111111. 111 1111 1111111111 (119 10.)111111111111111

1111111111111 111 1111 1111111111 1111 1111 1111111111

. 11111111 1111111111 11111111111111111 (61 17118.) 11
’ = ,1111 1111 11111 11 1111 3111111111 11 11111111111111

-ΜΜΜΜΜΜΜΜΜΜ

1 Ι

’ -Ῑ , 12) 31111111111111111111111111111 Θ111111111111111 1111111111

111111(6.118,)111111. ,11111111 1111111111, 1111111111
1111111111 11111 1111111111 11111 1111111 (1111111111111111111) 111111 '

’ ¹ 1111111111111111111(1111113111 11111111111111111111111,11

111111111111111111111 1111 (1111118111 1111111, 111 11111111 1111111
1111111111 11111111 1111111111 111 1111111111111111111111111 ”
1 11111111111311111111111111111111111111111111111111111. 111111
1111111111 1111111111 1111, 111 11111111 (11111 11111111 1111111111 (1111
(11111111111111 11111111811111111111111111, (1 11111111 11111111
1 ,1111111 11 1111111111, 11 11111 1111111111-111 &tte (111 1111111111
&erchenmaro 111 1111111, 1111 111111111111111111. 1311111 11111 1111.

’ 1 , ’111111 11111111 1111111111 1116111111111111111111 1111111, 11 11·
' 111111 1111111 111, 1111 1111111 11 1111111111 111111 111 1111 1111111 31111 «
⁴ , 1111111111111111111 (1111ῶ. 1311). , „

 

