119 ’ ,
’ 9991999 99991999 999 9991599999 99 9999999999999

³5 Ι 999. 99· 99, 99 99 9999). 99 ’99999999 ’
⁴ 91199 91999 99999 91999 9999 9991919 999 999 9199999 999“ ,

9 999 99991999 ’95919999 99 919 999199 19999199 99999 .

, , 9199 9999 9999999, 999 999199 999 999 9199999999 999

91199999 9999919999991919991199 (mssl'ss' · ‘ ·

17. 19. &memorem 91999. 9999999999999 999, ·
“ a) 919999 999 99919999 999919 999 9999999999 9999991 ·

9999919999 99 919 999199999999919999. 919919 999 99999999

' 999 9999999, 7, 15, 1999 9919 99999 999 9999999999 991)
“ . ,9999 999 91999 9999999999 9199999999 919999 9919999 9999
· 9999999919 9999, ’999 99919919 991999 &tenen 99199· 9999
9 9999999999 99999199 9999191999 919 99999999 99999199. ’
. ’99 919999 9999 9999 91999 99 99 991999 991999 99999999 “ X
· , 999 999199 9999 9999199999 er hwelfi- 99999 919999 99991
. ⁹ 999 9919 9999 9999 999 9999 9999 91999919, 29199994, ’“

10. 9919 9999999 999 9999919 999 9 99999, 99 999 399

, 9999919919999999999999999 91999919 99 9199, 9999999 ’

, 9911999 999,999999999991999991199999999999199 s ,

9ΜΜἭΜΜΜ999ΜΜΜΜ9
wwfflmmmwwmmmmffi
swQOwmmm.

Die 89999 999 9999 99999199 9199999 999 &ennium Ι 1 ’
. 999 99999991 99999 9999999 999, 999 919999 9199 919 99

9919 9999999999 99999999 9999 ,19 9999 99 999919 999999
99, 919 919 9999 9999999999 9199191999 999 9999 9199999119
9999 9999 999 91999999. 9999 999 99999199999999
9999 999 99 999 999 99999 999 999199 99 91999 919199

= 9919. 9999 999 9991991999 9999991999 99 9199199999, 99

99999 999. ’9999 91999 9999 999 999199 99 9199999199 · ⁰

 

