s
Ι .
ι
1 Ι ¹
,
ι

. , . 999 «. . ,
Ὺ 999999 ’999 99 *999 99 99999 9999 ’

3 · 9996999, 999. bei ’.999 9999999999 999 ,9999 99998 9999 ’99

, 99999 999 999999, 99996 999 9999999999, 999 699 989

, 999 9999999. 999 9999 9999999999· 999 9999999999 9999999 ·

¹ (99.19,)99.). 99999 99999 9999999999 99999 9999999996, Ι ” Ι «
' · 99999 99 in 999999 99 6999 ,9999999999 999999, 99999
³ ’9999 999999999999 9999 99999999 9999 98 699999 9999 ·
9999, 999 99 999 ,999999 999 9999998999 99 99999 ·
, ’99999999 999.- 999999, 999, 969 9999999999 3999999699

' 5999999999 999999. 99 999 999 999999 999 9999 96 s·

999 99969999 9999 999999 999 9999999 99 9699 ce 999 '
99999 99999, 999· 99 6999 ginta ’99999 99999 99969 en 999 Ι, Ι

9999 99999 iq 9999999 99999999 999999 6¹ 999999, 9999

· 999 99999 969 9899999999 ..998 9999996999 9999969999,Ι 9

x ⁸ ὶι9999999999899989999996999999999999, 9999999196.
‘ 9999 999 999969 99999999999999 9999 9999919999 2v 1

’999 699 9999999999 999999, 99 9999999. 99 999999 J Ι ,

“ ’999999 9999 99999999 99 999 99999 99999, 999 999999
3 99999 999 9999999 99999999 999 9999 999 9999999999 999 3
τ, Ι 99999999 96998 9999999 9999 9 999999 99 999 9999· ’

,99999 99 999 999 99999 99999 9999. 9999 m 99999 6999 Ι. ’

,9999 et 9999 999 9899999999, 99999 99999999 99 99 . Ι.

999999 eit 9999 (9999999999 99999999 99 9999999 999, x» 9

999999 96999 9999 999 99999, 9999 99999 99 99999999· 99.

- · 9999999 999 [999 »99999999 999 999 9999, -999 99999, 99 J χ =
Ι 96999 9699999 999999 9999. 9999 99 999999 98 999 mit Ι

’ ,9999 999999 9999 99 9999999999 999. 1,6 7.89 998. ·

’κ 9,--5 9998, 999 (9999999 999999 99999999 999 999 ¹

. “ 99999 9999 99 9999 999 9999999999 999 69999, 99 999999 ’

ἵ 9999999999, 9899999999 999 9999999999 ,999-99999999

 

