ι · ΝΥ ‚115
  ’999 999999999999999999 999 99999 9599999999 999 939.Ι x
99999 9999999 999999, 999 99 in 999999 99999 999 Qun, . » ¹

ι , 99999 99999 9999999 9999999 999 ’999 999 9 999 999 99 3
¹ 9399999999 99999 999 9 9999 99999999 9999999999·

“· · 9999 999 99999 9999999999 99, 999 99, 999 99999999 ,
3 1 99 999999 999999 999 99999999 99999999999999999,1
9999 99999 99 99999999 999 9999999 9999999. {eimau s J
¹ ,99 999999, 999 &itum 99 9999999- 999, 99999999 ‘· ’
2 999999 99 99999 99 99991999 99999 99999999 919 99999 , ’
’ 99999999 99999999 99999, 999 999999 999999 9999999 Ι
’ , , 9999 9999999 99999999999999999 99999999. obet 9999,
·1' 99 99999 99999999 99999999 999999 99999 99999 999
(99999999 999 9999 9999999 999999, 9999999999 99999 9
999, 999 99 999 9999999999 9999 99999 9999 999 99999 1
ι 9199999999 9999, 9999 999 99999999, 9999999999 99999 ·
, Ι6999999 999999999999 9999 9999999999 999999 999999 “ ¹ ’
‘ . 9999 9999 99999999 9999 ’999999 99999, 99 99 999999 99 , ·

, 99999999 999 99999999 999 99 999 99999999 999 9999 ,
Ἡ 999 99999 999 99 99999 9999999999 999, 999 999 99

999999 9999, 999 9999 9999 999999 999 999 &nm 99 ⁵ ³
99· 9999 999 9999999 999 99 999999 9 x
99999, 99999999 999 9599999 999 99999 99999 99 99 ’ ss' ·
μ 99999999 99999999 9999 ” ’4 ’
s 99999999 999 999 9999999 in 9999999 99 999 , ,,
’ ,999 999 99999999 9999999 99999, 999999 9999 999999
¹ ⁷⁵ 9999999999 999 9999999 verborgen, 999 999 999 99 9999 ’
’ flammante 999999 99999 999999 999 99999 999 999 999999 ’ 1
99999 99 99 99999999 999 9999999 999 999 9999999 99999Ι ’ x
⁸ „ 999999) 999999 9999 999 99999 9999999 99 999 99 ¹ f
· , 9999 99, 99999, 999999 9999999999 99999 999 999 9 99999 ,
1 3* .

 

