''7³‘-

9 99. bie 9999999 99999999 99··999999999-’999999 99999999 -
9999999999 ’999999 99 99 99999 9999999999ίί9 999 9999 99999 J 1
99999999 99999 999 999 9999 9999999999 999 9199999999 9999999 ·.

, »a 9999 999999 99999 9999999 99999999999999 999 9999999999 “ - l
999999 89999 9999 9999999999 99999999 99999999 999 99999999

999ι ’9) 99 999999 999 9999 99999999 9999999999ήῶ99 het,

. 99999999, 9999 9999999 99999 99999999 999999999999 bed · ¹

· 9999999· m 999999 9999999999 99999. 99999999 99 9999 99 99 ,

· 99999 999 999999 9999999999 999 99 99999 99999 399999 999 '

99999 99 9999 9999 9959999999 9999999 99999 99999 99 9999
99999 9399999 499 16.) 9999999 9999999999 9999 99 99
999999 9999999999 999 99999 9999999 999 99 9999 999999 9999999
99999 3999 9999999 999999 999 999999 9999999999 99999999 ’
· 999 999999 99999 999999 9 9999999 99999 99999999 999999
; ’ 9999 999 99999 999999 a* 999999 999
’ Dant 99999 999 ’99999 9999999999 999 &nobe 99999 99
9999999 ber 999 999 jener 9999999999 9999999.- 9999
, 99999 999 99999999 99999 9999999999 9999 99999 999 99999γ

999 9999 99 oie 999 9 99 9999 99, 99999 99 μ ’

99 9999999999 9999999999 99999 9999 99999999999999 Ε999999 ,
· 99999999 99 9999999 . ,
'³ 99 9999 999 9999 99999 999 99999 99 9999999999 ’ ,
“ ’ 99999 999 9999 9999999999 9999999999 999 99 99 9999999999

, *ᾖ*

14) 39 999999 ’9999999999 9999999999 999999 9999 9999999999 ’
aud) 99999 9999999, 999 9399999. ber 999 999 3999 999 9999999 99 ’
, ἳ999999999, 999 9999999999999 99 99999 999999 ben 9999999 99999999 x '

¹ 99999, 999 aad> 9999999999 99999999 9999, 999 999 3999 999 98999999 ,

· , 99 9999999999 949149 9999999999999999 999 9999 999999. mein x X 1
, 99 99999 99999999, 999 Dema& 9999 balb 9999 999999 99999999 999 mom, 9

g 9999 999 ber 999999 9999999999999999 999999 &chriti 9999999 999999 -
999 9999999999τὶ 99999.

 

