129,Ι
¹ - 11111.11,11,1111ι111ι1ι11ιι,11111111111111

Ι111111111111111111111 ιχω, 111 1111 1111111111· ,

118111 προς ὁμιις 11 11111111111111111111111,8111

· 1111111111 111 111 11111111111111111111111111 '
„ 111111111111111111, 13,1111ι11111ι1111111ιι “ Ι ¹

111111 1111111161111111, 1111111 1111111111 11111

ζ’ 1ιι 1111111111111 1111111111.1111111114111111111, ,-
111 ιι 1111 11111 111 11111111 1111111 1ι1ι1ιῐι1ι1 111 “

1

111ι11ιι111ι1ιι1111ι11111111111111111111111 3 ’,

11111111111111,3111111ιιι11111111111111111111111

11111111111111111111111,1111111111111111111 ’ ,

. 11 1111111111111311 11111 1111111111 111111 111,
‘ 111111 111 11 1111111111 1111 1ι1 111111 111 111111 1111

, 1111).111111111111111111111111111111111111111 Ι Δ

hun-qun*—

, 81111111111111 111111 1111111111 11111111111111111111111111,
’ Ι1111811111111111 111111,11111111111111111111111111111111
11111 111111. 1ι1 1111111111 111111 111111 1111111 1111111111
111111,1111111111111111111111(ῗιιι1ι11111111111111111111

1111111111 1111111111 1111111. 11111 111111 11111 ιι 111 11111111, 111 ’

1111111 1111111 1111 11111111 1111111111, 111 111 1111 111 1111

11111111 1111111111 11111 1111111 1111111111 (111. l 1111. 5, 91,
’1111 11111 1111111111 11111111111111. 1111 11111111 1111111111
, 1111111111111111 1111111111 111114, 181 1111111111. 93ss 1113111,

x 11111111 1111 1111111 11111 1111111111 11 111 ,11111111 11111111,
, 11111111111111111111111111111111111111,ι11111ιιι 1111111111

1111 1111111111111 111 1111 111111 ιι 1111 1111111 11111111 (11.1111

J 16, 1111. 1111111 19, 21) 1111111111111119111111111111
1111111111ιιδιιι11111111(11111111111111111111311111111 - ,

111, 111. 111111 15,19, 1111 11 {einer 1111111 11111111111311

ᾗ , 11111111 11111) 111111 111 1111 11111111111111 11 111 ιι 111
1111111111111111 1111111111 1111 1111111 111 111111, 11111111 ,

¹ 1111 11111111 1111111 111111. 511111 111 1ιὶ11 (1111111111

y 9

’· k , 11111111111111 11111111 21111. 1,15.’16. 111111111111111111 1 =' ·
' 1111111111 11111111 ιι 111111111111111111111111, ι1111111ι1111ι11 ’ ,

 

