' ’ · 979 κ
- 19,9. 9999 999 99999999 9999 999999 999 9999999999 ·

“ 9999999999 9999, 99999 99 ,9999999999 99999 9999999999 999 = ¹ '

mfflmwmmwwwmwm ‘'

‘ 999 999999, 9999999999 9999 9999999999 99999999 999999
9999999999 999999 9 999, 99999999 9999999999 9. 3br 999999

’ , 999999 99999 9999999999 3trungen 999 99999, 99 9999999999 ’ ’

9999 99 ..9999 9999999999 99 9999999999 999 9999999999, ,, ι’

ζ· 9999999 9999 9999999999 99 9999999999 9999999999,
, 9999999999999 99999 ,999999 9999. 99999 99999 99 99 .

¹ 9999999999) 999 99999999 99999 &mmmmm 99999999999999 ““

1 999 9999999999999999 9999999999999999999999999999999999999 ·

999 999999 99999999 9999 9999 9999 999999 99 99999 9999999999 9 ἶ “

, '³ ’999 &nefas-a umssbie 9999999999 99999 ammomum 999 s

’ 999999 9999999999, 999 99, 99999999 99 999999. .

γ’ 5 99999999 9999999, 9999999 99999999 999 99999, ,
’ 9999 215519582-105555515555551515555555515555555535555 ’

999 9999 9999999999 9999999 999999, 9999999 9999999999 999 ,

. 9999999999 999999, 99999. 90, 39, 999 99 9999 399999 (wem Ν.
3 w) ¹¹¹ 9999999 99999 9999 99999999 99999 99, , .› ’
, , 9999999 99999 99 999 9999999999 9999 29999999 999 99999 9999,- ‘

. 999 99999 999 999 99, 9. 99999999 99999999 99 9999999,
¹ 99999999999991, 9999999999 9999999999 99999999Ι ,
3 · 9999 9999999999, &cas 9999, 9999999 9999999999, 999999 999

’ ,999 9999 399999 999999999999 ,9999 99999999 99, 9999999 ⁴⁸ ¹ 9
., 999999 999 999 9999999999 9999 99999999999999999999 J

99999. -- 99 99999 9999999999· 9999999, 999999999999999999*
' 9999. 99999 9999999999 999 9999999 999999 99999999999999999. ·
999, 999 999 99999 9999999999, 9999999 99 999 999999 99999999 ,
. 99999999, 9999999999 9995 999 99999999, 999 99 999999 99999 . “
, 99999 999 999, 999 999999, 99999 9999999, ·

 

