111 Ν

’ ι 111111111111111111 1111111111 11111 (1 Ξ1ιι. 1,1.),

1111 1111 11111111 1111111111 ι’1. “
1111111111, 1, 4., 111 71 ροσιχειι 11111111 111111. ‘ J

” 1, 1411111111111111111, 1111111, 11111111111111111

111 11111111 1111, ,11111 111111 111111, 11111111 1111.

1111111111 (11111111) 111111111111111111 1111111111ιί ·

. 1111 11111111 11111 1111 11 1111311111111111,”111ι111111111 ¹ Ι

1111111111 11111111 11 111111, 11111 1111 111 11111111 ·

, . 111 1111111111 6111 111 1111111111 1111111111 1111111. ι
1111111111111 11111111111111111, 11111 ’1111111111 .

· 1111111111111111111111,111111111111111111 f ³

' 1111111111,111111111111111111,1111111111111, -

11111 11111 11111111111111111111111, 1111111111111111,

· s 111111111111111111111111111111111111,1111111111Ι -.
1111111111111111111111111111111511111111111111. . Ι ‘ ι

x1 1111111, 1111111111111111111,11111111111111111111111 ’

1111111ιί1 11111111111111111111111111111 37 ’ ¹

7

ιι) 1111 1111111111111111 1 111. 1, 1. 11. χ

·· 1111111, 1111111111 1111111111 11111111, 1111 111111 1111111111111 v

1111111111 11111, 111 1ιι 1111111111 1111 1111 1117e 111 1111111111 1111
11111111111111111,111111111111111111111,114 1111111111.
ἱ 1111111 11 11111111 11111 1111111111, 111 111111111111111111111 1ιὶ

” 1ιι·1111111111111111111111111111,11111191111111111111111111ι· ‚

¹ 111111 1111111,11111111111111111111111111111111111ιέ11

Ι 111111111111111 ς1111111111111111. 7777 1111111111 111 11111111 .

““1ὓ11111111(’)3.3.) 1111111111 111 11111111111111 1111111111 111 ·

111 1111 1111111 1111111 11111 111 1111111111 11111111 1111111 1111111,
¹ 111 11111111 7111 1111 1111 1111 11111111111111111111111111111,
1111111111,1111111111111111111111111111,11111111111111
11111111 111111 1111111 111111 111 11111111111111 11ιί11 11111111 771711771'
, 111 1111 7771 11111111 1111111 1811111111 111, 111 111111 1111111111
11 1ιι 1111114, 10. 1111111111111 11111, 111111 1111111 11111111 11111 .
1111 1111111111 1ιι 11111111,

 

