’ 1111111111 111 1111111 111111 111111 11111 1111111111 1111
, ᾶ111111111111111111111. ’ ·
1111 ..1.
³ 1111111 111111111111111111111* 111 1111111111 1111111111 ›
'3 1 1111111111 1111111111 11111 1111111111 11111111111111111 ’
’11111111 111 11111111 1111111111.- 1111111111 111111 11111 1111111
¹333 11111111 111111· 11111 11111111 111 111111111111ψ11111 · Ι
, 3 1111111·11111111111(1111111111111111111111111 11111111
1111 333 1111111 1111111 ῢ111111111 111111 1111111111 11111 111111
. 111 11111 1111111 1111111111 1111 11111 111111 11111111111111111.
3 1111 11111111111111111111111111111111
”“ 11111111 11111111 11111111 1111111111 111111 1111111111 ·j
1111111111111111111111111111111111111111·11111111 , ⁴
-. 111, 1111111 111111 11111 11 333 1111111 1111111111 111 11111 2 ‘
111· 111 111 11111111 1111111111 11111 1111111111 mmm
· 11111111111111111111111111111111111111111
1111111, 1111111 11111111 111 1111 11111111 1111111 11111111
1111 1111111111 111111 1111111, 1111111 111 11 1111111 1111111 ¹

111111111111111111111111111111111111111111111 y
1111111111ῗέ 1111111 111 1111111111 1111111111· · .

1111111 1111111111111111 1111111111 111111 111111111111111111 ‚
¹ ’.1111111111111113111111 1111111111 11111111 111111 111111 s
1111111111 1111 111111 11 1111 11111111 1111111 1111111111
1111111111 1111111111 11111111 11111111- 111111 1111. ,
, 1111111 1111111111 11 11111111 11 11111111 1111 111 1111111111
111 11111111 111111111111111 111 11111111 ’11111 ’1111111
’ , 1111 1111111111 111 111 1111111111111 1111111111 11111111
1111 11111111111111111111 111· 11 1111111 811111 11111 1111

 

 

